time,vehicle_count
0,1
1,6
2,12
3,17
4,25
5,30
6,35
7,42
8,48
9,54
10,59
11,66
12,71
13,77
14,82
15,89
16,95
17,100
18,107
19,113
20,118
21,123
22,130
23,136
24,141
25,148
26,154
27,158
28,164
29,171
30,177
31,182
32,189
33,195
34,200
35,206
36,212
37,218
38,224
39,229
40,235
41,240
42,246
43,252
44,258
45,264
46,269
47,276
48,281
49,287
50,293
51,299
52,305
53,311
54,316
55,321
56,327
57,335
58,339
59,344
60,351
61,357
62,363
63,369
64,375
65,380
66,387
67,391
68,398
69,403
70,409
71,416
72,419
73,425
74,430
75,437
76,443
77,448
78,454
79,458
80,464
81,470
82,474
83,479
84,482
85,488
86,492
87,498
88,504
89,507
90,513
91,516
92,523
93,527
94,533
95,538
96,544
97,549
98,552
99,557
100,560
101,565
102,572
103,577
104,582
105,587
106,593
107,598
108,604
109,609
110,614
111,619
112,621
113,629
114,630
115,635
116,642
117,647
118,653
119,656
120,661
121,667
122,673
123,677
124,680
125,685
126,689
127,694
128,701
129,706
130,710
131,713
132,720
133,724
134,727
135,734
136,737
137,739
138,741
139,742
140,745
141,750
142,754
143,755
144,758
145,760
146,761
147,765
148,769
149,772
150,774
151,775
152,775
153,774
154,777
155,779
156,782
157,786
158,788
159,788
160,789
161,791
162,793
163,798
164,799
165,802
166,808
167,812
168,819
169,820
170,823
171,828
172,831
173,835
174,836
175,836
176,841
177,842
178,842
179,844
180,847
181,848
182,854
183,857
184,863
185,867
186,870
187,875
188,878
189,883
190,887
191,891
192,894
193,896
194,902
195,905
196,911
197,914
198,917
199,920
200,918
201,922
202,921
203,924
204,924
205,925
206,921
207,920
208,921
209,916
210,920
211,922
212,927
213,929
214,927
215,929
216,929
217,929
218,931
219,931
220,929
221,932
222,933
223,936
224,937
225,940
226,941
227,945
228,948
229,953
230,958
231,958
232,962
233,963
234,965
235,969
236,973
237,974
238,977
239,982
240,978
241,978
242,980
243,981
244,978
245,977
246,976
247,975
248,977
249,980
250,983
251,985
252,988
253,989
254,992
255,995
256,996
257,1000
258,1004
259,1004
260,1006
261,1009
262,1011
263,1013
264,1017
265,1018
266,1016
267,1021
268,1021
269,1020
270,1021
271,1022
272,1021
273,1018
274,1018
275,1016
276,1015
277,1020
278,1020
279,1020
280,1018
281,1018
282,1012
283,1008
284,1005
285,1005
286,1005
287,1004
288,1006
289,1006
290,1004
291,1004
292,1004
293,1004
294,1005
295,1007
296,1011
297,1013
298,1012
299,1018
300,1017
301,1020
302,1021
303,1025
304,1024
305,1021
306,1023
307,1024
308,1026
309,1025
310,1026
311,1028
312,1029
313,1030
314,1027
315,1030
316,1028
317,1027
318,1031
319,1029
320,1032
321,1029
322,1028
323,1031
324,1029
325,1029
326,1031
327,1033
328,1036
329,1037
330,1039
331,1046
332,1049
333,1048
334,1051
335,1052
336,1056
337,1056
338,1061
339,1063
340,1066
341,1069
342,1071
343,1074
344,1075
345,1079
346,1082
347,1083
348,1086
349,1090
350,1095
351,1097
352,1101
353,1104
354,1107
355,1110
356,1115
357,1119
358,1122
359,1128
360,1130
361,1132
362,1134
363,1140
364,1139
365,1143
366,1142
367,1147
368,1143
369,1146
370,1149
371,1149
372,1151
373,1154
374,1154
375,1155
376,1153
377,1158
378,1156
379,1162
380,1168
381,1171
382,1170
383,1169
384,1165
385,1163
386,1160
387,1155
388,1155
389,1151
390,1152
391,1151
392,1142
393,1139
394,1136
395,1126
396,1126
397,1122
398,1116
399,1113
400,1109
401,1105
402,1101
403,1101
404,1099
405,1101
406,1097
407,1098
408,1097
409,1094
410,1098
411,1099
412,1098
413,1103
414,1100
415,1098
416,1095
417,1094
418,1094
419,1093
420,1087
421,1087
422,1089
423,1082
424,1083
425,1084
426,1084
427,1080
428,1072
429,1071
430,1067
431,1064
432,1065
433,1063
434,1059
435,1059
436,1062
437,1057
438,1056
439,1054
440,1055
441,1055
442,1056
443,1056
444,1058
445,1059
446,1059
447,1062
448,1062
449,1062
450,1065
451,1065
452,1066
453,1068
454,1070
455,1074
456,1077
457,1078
458,1082
459,1086
460,1089
461,1091
462,1087
463,1086
464,1089
465,1088
466,1087
467,1088
468,1089
469,1090
470,1089
471,1089
472,1091
473,1094
474,1094
475,1096
476,1097
477,1096
478,1099
479,1099
480,1098
481,1101
482,1100
483,1102
484,1101
485,1102
486,1099
487,1101
488,1103
489,1107
490,1110
491,1114
492,1117
493,1118
494,1121
495,1124
496,1126
497,1127
498,1129
499,1130
500,1133
501,1135
502,1140
503,1141
504,1140
505,1141
506,1134
507,1135
508,1133
509,1131
510,1133
511,1131
512,1127
513,1128
514,1123
515,1125
516,1123
517,1118
518,1118
519,1113
520,1110
521,1109
522,1108
523,1103
524,1100
525,1098
526,1099
527,1098
528,1097
529,1100
530,1096
531,1095
532,1099
533,1097
534,1093
535,1092
536,1091
537,1084
538,1082
539,1080
540,1079
541,1079
542,1079
543,1081
544,1082
545,1087
546,1090
547,1087
548,1094
549,1098
550,1096
551,1099
552,1104
553,1105
554,1109
555,1111
556,1107
557,1109
558,1108
559,1114
560,1115
561,1117
562,1119
563,1123
564,1126
565,1129
566,1129
567,1132
568,1130
569,1128
570,1128
571,1129
572,1125
573,1127
574,1129
575,1128
576,1129
577,1128
578,1126
579,1118
580,1120
581,1117
582,1119
583,1120
584,1114
585,1114
586,1107
587,1107
588,1105
589,1098
590,1100
591,1097
592,1094
593,1089
594,1088
595,1084
596,1082
597,1085
598,1085
599,1083
600,1081
601,1080
602,1079
603,1075
604,1076
605,1070
606,1068
607,1066
608,1063
609,1063
610,1061
611,1061
612,1059
613,1057
614,1058
615,1055
616,1054
617,1058
618,1058
619,1061
620,1064
621,1066
622,1070
623,1071
624,1077
625,1078
626,1083
627,1087
628,1090
629,1090
630,1095
631,1099
632,1099
633,1102
634,1097
635,1100
636,1098
637,1097
638,1096
639,1098
640,1096
641,1093
642,1094
643,1092
644,1086
645,1085
646,1088
647,1087
648,1087
649,1088
650,1090
651,1092
652,1091
653,1093
654,1096
655,1099
656,1102
657,1102
658,1102
659,1105
660,1099
661,1094
662,1098
663,1097
664,1097
665,1098
666,1100
667,1096
668,1097
669,1101
670,1097
671,1100
672,1102
673,1102
674,1103
675,1103
676,1098
677,1100
678,1099
679,1097
680,1096
681,1099
682,1102
683,1102
684,1103
685,1106
686,1110
687,1115
688,1113
689,1115
690,1117
691,1119
692,1125
693,1128
694,1132
695,1136
696,1139
697,1143
698,1145
699,1148
700,1152
701,1151
702,1155
703,1154
704,1154
705,1158
706,1157
707,1158
708,1149
709,1140
710,1139
711,1136
712,1133
713,1139
714,1135
715,1137
716,1141
717,1144
718,1149
719,1150
720,1148
721,1146
722,1150
723,1149
724,1147
725,1150
726,1151
727,1153
728,1154
729,1156
730,1155
731,1156
732,1155
733,1150
734,1150
735,1145
736,1144
737,1142
738,1138
739,1131
740,1129
741,1123
742,1121
743,1122
744,1121
745,1122
746,1122
747,1119
748,1115
749,1118
750,1114
751,1113
752,1112
753,1109
754,1112
755,1110
756,1107
757,1109
758,1106
759,1103
760,1106
761,1106
762,1104
763,1108
764,1110
765,1110
766,1114
767,1112
768,1108
769,1109
770,1101
771,1100
772,1100
773,1098
774,1098
775,1095
776,1094
777,1095
778,1096
779,1093
780,1098
781,1092
782,1090
783,1088
784,1087
785,1087
786,1086
787,1084
788,1082
789,1081
790,1081
791,1082
792,1083
793,1083
794,1084
795,1087
796,1086
797,1087
798,1088
799,1086
800,1084
801,1086
802,1083
803,1085
804,1085
805,1089
806,1091
807,1094
808,1098
809,1101
810,1099
811,1100
812,1105
813,1108
814,1110
815,1110
816,1111
817,1110
818,1111
819,1112
820,1112
821,1113
822,1112
823,1117
824,1118
825,1118
826,1119
827,1119
828,1120
829,1124
830,1129
831,1127
832,1132
833,1137
834,1136
835,1139
836,1139
837,1142
838,1145
839,1146
840,1151
841,1152
842,1154
843,1159
844,1158
845,1157
846,1162
847,1155
848,1152
849,1152
850,1147
851,1150
852,1151
853,1149
854,1147
855,1148
856,1145
857,1142
858,1141
859,1132
860,1130
861,1125
862,1120
863,1116
864,1115
865,1116
866,1114
867,1111
868,1115
869,1113
870,1114
871,1110
872,1112
873,1107
874,1110
875,1111
876,1112
877,1118
878,1122
879,1127
880,1128
881,1129
882,1132
883,1135
884,1135
885,1140
886,1140
887,1141
888,1141
889,1141
890,1138
891,1137
892,1137
893,1135
894,1142
895,1141
896,1144
897,1145
898,1145
899,1146
900,1148
901,1147
902,1147
903,1153
904,1157
905,1156
906,1160
907,1160
908,1159
909,1157
910,1158
911,1159
912,1158
913,1156
914,1161
915,1159
916,1164
917,1164
918,1163
919,1162
920,1166
921,1165
922,1170
923,1171
924,1171
925,1174
926,1175
927,1173
928,1174
929,1176
930,1178
931,1177
932,1175
933,1172
934,1169
935,1168
936,1162
937,1161
938,1161
939,1161
940,1161
941,1163
942,1162
943,1157
944,1158
945,1151
946,1149
947,1142
948,1134
949,1134
950,1130
951,1130
952,1128
953,1124
954,1123
955,1118
956,1118
957,1117
958,1112
959,1110
960,1108
961,1107
962,1109
963,1113
964,1110
965,1114
966,1112
967,1113
968,1116
969,1115
970,1121
971,1125
972,1128
973,1132
974,1137
975,1140
976,1142
977,1145
978,1147
979,1151
980,1153
981,1155
982,1156
983,1156
984,1160
985,1163
986,1164
987,1166
988,1170
989,1171
990,1173
991,1169
992,1168
993,1165
994,1167
995,1163
996,1167
997,1165
998,1169
999,1171
1000,1174
1001,1172
1002,1172
1003,1169
1004,1167
1005,1170
1006,1173
1007,1175
1008,1180
1009,1183
1010,1185
1011,1190
1012,1192
1013,1194
1014,1197
1015,1200
1016,1204
1017,1208
1018,1211
1019,1211
1020,1213
1021,1214
1022,1212
1023,1209
1024,1203
1025,1203
1026,1204
1027,1197
1028,1193
1029,1190
1030,1190
1031,1189
1032,1183
1033,1183
1034,1177
1035,1166
1036,1163
1037,1159
1038,1148
1039,1146
1040,1138
1041,1136
1042,1134
1043,1131
1044,1128
1045,1124
1046,1124
1047,1124
1048,1127
1049,1126
1050,1125
1051,1131
1052,1132
1053,1132
1054,1129
1055,1129
1056,1127
1057,1126
1058,1128
1059,1124
1060,1121
1061,1117
1062,1117
1063,1120
1064,1119
1065,1123
1066,1123
1067,1120
1068,1120
1069,1123
1070,1124
1071,1127
1072,1129
1073,1129
1074,1128
1075,1129
1076,1124
1077,1126
1078,1124
1079,1127
1080,1124
1081,1123
1082,1125
1083,1122
1084,1121
1085,1118
1086,1118
1087,1114
1088,1114
1089,1115
1090,1114
1091,1116
1092,1115
1093,1121
1094,1121
1095,1121
1096,1121
1097,1123
1098,1125
1099,1124
1100,1122
1101,1124
1102,1118
1103,1119
1104,1122
1105,1124
1106,1122
1107,1126
1108,1126
1109,1121
1110,1121
1111,1116
1112,1115
1113,1114
1114,1108
1115,1107
1116,1102
1117,1098
1118,1097
1119,1100
1120,1100
1121,1103
1122,1107
1123,1110
1124,1112
1125,1116
1126,1118
1127,1118
1128,1119
1129,1120
1130,1121
1131,1125
1132,1127
1133,1126
1134,1126
1135,1126
1136,1127
1137,1124
1138,1122
1139,1118
1140,1118
1141,1113
1142,1112
1143,1116
1144,1116
1145,1118
1146,1119
1147,1122
1148,1127
1149,1133
1150,1135
1151,1136
1152,1139
1153,1139
1154,1138
1155,1140
1156,1144
1157,1146
1158,1148
1159,1147
1160,1146
1161,1146
1162,1144
1163,1144
1164,1141
1165,1139
1166,1141
1167,1140
1168,1136
1169,1133
1170,1138
1171,1133
1172,1134
1173,1137
1174,1138
1175,1139
1176,1139
1177,1140
1178,1139
1179,1142
1180,1135
1181,1139
1182,1141
1183,1142
1184,1147
1185,1147
1186,1148
1187,1151
1188,1156
1189,1158
1190,1163
1191,1167
1192,1168
1193,1174
1194,1179
1195,1182
1196,1185
1197,1186
1198,1188
1199,1187
